CGATS.17
ORIGINATOR	"BabelColor PatchTool, version 5.0.2 b399"
LGOROWLENGTH	4
CREATED	"2016-11-12"  # Time: 5:01:23 PM
INSTRUMENTATION	"i1Pro"
INSTRUMENT_SN	""
MEASUREMENT_SOURCE	"Illumination=D65 ObserverAngle=2 WhiteBase=Abs Filter=no"
ILLUMINATION_NAME	"D65"
OBSERVER_ANGLE	"2"
FILTER	"no"
MEASUREMENT_CONDITION	"M0"
WEIGHTING_FUNCTION	"ILLUMINANT, D65"
WEIGHTING_FUNCTION	"OBSERVER, 2 degree"
KEYWORD	"DEVCALSTD"
DEVCALSTD	"Unknown"
# 
KEYWORD	"SAMPLE_ID"
KEYWORD	"SAMPLE_NAME"
NUMBER_OF_FIELDS	41
BEGIN_DATA_FORMAT
SAMPLE_ID	SAMPLE_NAME	XYZ_X	XYZ_Y	XYZ_Z	SPECTRAL_NM380	SPECTRAL_NM390	SPECTRAL_NM400	SPECTRAL_NM410	SPECTRAL_NM420	SPECTRAL_NM430	SPECTRAL_NM440	SPECTRAL_NM450	SPECTRAL_NM460	SPECTRAL_NM470	SPECTRAL_NM480	SPECTRAL_NM490	SPECTRAL_NM500	SPECTRAL_NM510	SPECTRAL_NM520	SPECTRAL_NM530	SPECTRAL_NM540	SPECTRAL_NM550	SPECTRAL_NM560	SPECTRAL_NM570	SPECTRAL_NM580	SPECTRAL_NM590	SPECTRAL_NM600	SPECTRAL_NM610	SPECTRAL_NM620	SPECTRAL_NM630	SPECTRAL_NM640	SPECTRAL_NM650	SPECTRAL_NM660	SPECTRAL_NM670	SPECTRAL_NM680	SPECTRAL_NM690	SPECTRAL_NM700	SPECTRAL_NM710	SPECTRAL_NM720	SPECTRAL_NM730
END_DATA_FORMAT
NUMBER_OF_SETS	24
BEGIN_DATA
1	A1	11.073915	10.080078	6.869685	0.057613	0.061529	0.063284	0.063354	0.063515	0.063216	0.062715	0.062490	0.062295	0.062236	0.062416	0.063316	0.065287	0.070710	0.076875	0.079683	0.081295	0.084518	0.091551	0.104306	0.120586	0.135106	0.141955	0.143584	0.146907	0.154506	0.164588	0.174792	0.182464	0.182973	0.176310	0.169125	0.167666	0.171446	0.180266	0.195255
2	A2	36.513727	33.652406	24.599727	0.099601	0.130802	0.161093	0.174571	0.179119	0.183388	0.190490	0.202332	0.222895	0.253743	0.290587	0.321374	0.339211	0.338808	0.308802	0.270427	0.257613	0.263771	0.261090	0.268679	0.316601	0.401817	0.479814	0.526861	0.552614	0.570193	0.587054	0.605991	0.628028	0.653324	0.683628	0.718714	0.757091	0.791693	0.818922	0.843081
3	A3	16.883452	18.186505	32.865163	0.101332	0.158041	0.240567	0.294503	0.310430	0.314634	0.316123	0.313789	0.305728	0.295965	0.287269	0.277160	0.260970	0.244137	0.227521	0.206729	0.189785	0.179414	0.168638	0.153928	0.139397	0.131733	0.131505	0.134249	0.137353	0.139144	0.141171	0.145869	0.151998	0.154170	0.150333	0.143420	0.135208	0.129990	0.133842	0.149561
4	A4	10.369789	12.983421	6.803978	0.051368	0.055081	0.057828	0.058550	0.058174	0.058305	0.059206	0.059851	0.060392	0.061352	0.062470	0.065004	0.072086	0.097534	0.144887	0.178129	0.179603	0.162783	0.142151	0.126437	0.116855	0.111250	0.106712	0.103333	0.103422	0.106917	0.112082	0.116940	0.119984	0.119069	0.114523	0.109735	0.108068	0.109299	0.112719	0.118920
5	B1	24.546404	23.125295	42.642169	0.097184	0.155980	0.253394	0.327115	0.363840	0.384960	0.400777	0.412963	0.418191	0.411333	0.389029	0.351655	0.310890	0.276622	0.244895	0.218361	0.206471	0.201963	0.194249	0.188601	0.192096	0.205316	0.221830	0.233023	0.237444	0.249356	0.278731	0.322105	0.365925	0.391143	0.392736	0.385929	0.387055	0.398129	0.419983	0.457993
6	B2	29.828727	41.294111	44.008053	0.112714	0.166068	0.242689	0.290673	0.312735	0.329313	0.347046	0.372583	0.411603	0.459317	0.503941	0.537850	0.554941	0.559013	0.552572	0.534374	0.507620	0.472000	0.430856	0.387431	0.338369	0.286201	0.239495	0.208321	0.192444	0.184907	0.180147	0.177685	0.180463	0.189650	0.201984	0.213571	0.222312	0.223951	0.219502	0.219495
7	B3	36.274569	29.162327	6.249071	0.049941	0.054137	0.054326	0.054014	0.053252	0.053496	0.054311	0.054643	0.055308	0.056057	0.057219	0.059475	0.066174	0.088389	0.126428	0.155096	0.172365	0.196272	0.245595	0.331663	0.439997	0.532738	0.571875	0.573487	0.567700	0.564427	0.562752	0.563665	0.572676	0.590766	0.613443	0.634482	0.651671	0.658154	0.655352	0.660423
8	B4	12.851332	11.143010	36.234658	0.097915	0.139400	0.194025	0.240252	0.284493	0.324758	0.359005	0.377548	0.373356	0.348908	0.303922	0.248738	0.198470	0.157966	0.127331	0.106818	0.095892	0.089226	0.083873	0.080757	0.079972	0.080837	0.081483	0.081419	0.080954	0.082777	0.088292	0.097765	0.111376	0.130591	0.158453	0.198165	0.251848	0.317657	0.388335	0.459149
9	C1	27.598298	18.596844	13.267438	0.094638	0.114560	0.131757	0.135990	0.133460	0.129922	0.127533	0.125265	0.122108	0.117337	0.111852	0.107180	0.102325	0.097271	0.092971	0.090720	0.090445	0.091466	0.094271	0.106550	0.157436	0.269914	0.401361	0.500148	0.553205	0.575625	0.584776	0.588411	0.589598	0.588846	0.587836	0.586828	0.588111	0.588979	0.588160	0.589604
10	C2	8.394841	6.552191	13.486243	0.080137	0.106390	0.131524	0.150712	0.164211	0.161750	0.149299	0.133765	0.117076	0.101341	0.087788	0.076565	0.067871	0.062797	0.059458	0.055992	0.053886	0.053698	0.054169	0.053822	0.052649	0.053086	0.058700	0.073418	0.096353	0.120361	0.142569	0.166153	0.194587	0.229960	0.273486	0.327059	0.386889	0.447175	0.505630	0.565767
11	C3	32.375987	42.129017	11.468760	0.055625	0.059592	0.062467	0.063654	0.064629	0.066232	0.069615	0.075365	0.087347	0.109312	0.146243	0.198888	0.268408	0.359314	0.447513	0.499924	0.518169	0.515234	0.500151	0.479035	0.447868	0.408453	0.367598	0.337148	0.320577	0.312477	0.307393	0.304398	0.307650	0.318284	0.332659	0.345881	0.356547	0.359186	0.355059	0.356228
12	C4	43.733109	40.917484	7.502140	0.058413	0.061332	0.063160	0.063636	0.062873	0.062796	0.063353	0.063894	0.064737	0.065524	0.067094	0.070253	0.079432	0.115677	0.202675	0.309506	0.387206	0.428728	0.458535	0.496307	0.538275	0.576366	0.601216	0.615134	0.621884	0.626130	0.630337	0.634650	0.638458	0.640855	0.643962	0.647707	0.653095	0.657431	0.659809	0.663765
13	D1	7.553240	5.821062	26.366177	0.046882	0.053893	0.067732	0.103019	0.159355	0.210733	0.256532	0.290390	0.293651	0.271337	0.227433	0.172078	0.123856	0.087740	0.061914	0.047711	0.041906	0.039229	0.038056	0.038043	0.038122	0.038245	0.038197	0.038392	0.038809	0.039631	0.040405	0.041206	0.042139	0.042120	0.041157	0.040435	0.040690	0.041721	0.043443	0.047855
14	D2	14.661976	23.249541	10.219426	0.053244	0.053600	0.056302	0.057641	0.058535	0.060507	0.062596	0.067204	0.076511	0.094190	0.129965	0.192772	0.272841	0.336609	0.346405	0.323677	0.301190	0.277289	0.246498	0.218178	0.192711	0.165516	0.139475	0.121331	0.111627	0.107171	0.105357	0.105073	0.107266	0.112788	0.120880	0.129263	0.136454	0.138543	0.136137	0.136911
15	D3	19.471700	11.708985	5.195666	0.053405	0.052279	0.051310	0.050800	0.050126	0.049979	0.049391	0.048596	0.047396	0.045863	0.044496	0.043665	0.043598	0.044479	0.045866	0.047244	0.049899	0.055137	0.061175	0.067593	0.076234	0.096701	0.157090	0.291724	0.463700	0.590392	0.657488	0.689362	0.704593	0.711566	0.717887	0.725694	0.735313	0.742174	0.746166	0.751839
16	D4	53.240438	56.100340	8.918601	0.050777	0.050686	0.049985	0.049535	0.050167	0.050783	0.052552	0.056490	0.064442	0.078790	0.105082	0.149649	0.221090	0.329934	0.446356	0.525794	0.572173	0.602591	0.625368	0.647538	0.665312	0.681435	0.694399	0.705369	0.716248	0.727955	0.740651	0.752261	0.761034	0.765346	0.770512	0.777187	0.786012	0.793476	0.798569	0.806311
17	E1	29.351652	19.183446	30.082534	0.118615	0.177071	0.274498	0.335478	0.351313	0.342566	0.321140	0.295291	0.268313	0.241363	0.211662	0.184348	0.164075	0.146432	0.124284	0.105015	0.098978	0.102361	0.102856	0.108517	0.137646	0.200906	0.291037	0.401428	0.519105	0.618793	0.689724	0.735604	0.763872	0.777177	0.783214	0.790694	0.803978	0.815224	0.823498	0.834386
18	E2	14.383194	19.490194	38.946625	0.086890	0.129784	0.191243	0.236413	0.260110	0.284530	0.316649	0.350975	0.386601	0.420743	0.437734	0.435689	0.414474	0.377537	0.329308	0.275751	0.224953	0.178907	0.141246	0.115192	0.098450	0.087789	0.079967	0.074773	0.072376	0.071475	0.071629	0.072849	0.074807	0.075993	0.075401	0.073561	0.071615	0.070613	0.073061	0.080474
19	E3	86.019700	91.014671	94.804835	0.141722	0.227330	0.420862	0.649961	0.800246	0.853748	0.869876	0.879058	0.886931	0.891883	0.894900	0.899526	0.902657	0.905251	0.908434	0.908501	0.909902	0.910972	0.910198	0.913433	0.913308	0.913676	0.913650	0.914001	0.915405	0.917859	0.921684	0.925193	0.926539	0.923798	0.923824	0.926462	0.931777	0.935306	0.936193	0.940486
20	E4	55.030873	58.240481	63.201538	0.127385	0.208383	0.362480	0.504021	0.563735	0.577708	0.582570	0.585923	0.587027	0.586197	0.584211	0.584562	0.584509	0.584849	0.586098	0.584939	0.584559	0.584063	0.583158	0.584282	0.582385	0.580690	0.578542	0.576655	0.574525	0.572708	0.571611	0.570556	0.569719	0.567694	0.565114	0.562469	0.562127	0.560931	0.558776	0.558704
21	F1	33.464198	35.444198	38.533676	0.118160	0.176251	0.266615	0.325008	0.344928	0.350670	0.355554	0.358907	0.358370	0.355607	0.352574	0.352023	0.352308	0.353594	0.355607	0.356043	0.356368	0.356477	0.356509	0.358046	0.357299	0.355716	0.353146	0.350041	0.346758	0.343533	0.340606	0.338072	0.335375	0.332133	0.328777	0.325191	0.323009	0.320670	0.317367	0.315613
22	F2	17.415595	18.345906	19.976156	0.092740	0.122172	0.157350	0.174283	0.179402	0.182116	0.184355	0.186052	0.185514	0.183839	0.182028	0.181476	0.181458	0.182070	0.182737	0.182806	0.183129	0.183313	0.183945	0.185820	0.186360	0.186154	0.184953	0.183128	0.181402	0.179533	0.177757	0.176183	0.174656	0.172946	0.171142	0.168966	0.167626	0.165941	0.164018	0.163012
23	F3	8.574597	9.036513	10.203246	0.071741	0.083240	0.090035	0.093153	0.093150	0.094138	0.095076	0.095162	0.094192	0.092900	0.091679	0.091251	0.091025	0.090885	0.091110	0.090791	0.090693	0.090369	0.090387	0.090915	0.090882	0.090495	0.089754	0.088989	0.088028	0.086959	0.086194	0.085485	0.084884	0.084045	0.083253	0.082519	0.081891	0.081376	0.080649	0.080405
24	F4	3.360542	3.529543	3.952040	0.035327	0.037769	0.036951	0.036757	0.036889	0.036501	0.036309	0.036443	0.036430	0.036053	0.035966	0.035960	0.035602	0.035520	0.035512	0.035340	0.035353	0.035210	0.035162	0.035220	0.035210	0.035117	0.035022	0.035042	0.034967	0.034922	0.035099	0.035133	0.035126	0.035164	0.035154	0.035128	0.035252	0.035276	0.035373	0.035810
END_DATA
